=== Run information ===

Scheme:weka.classifiers.bayes.NaiveBayes 
Relation:     100V_Polarity_Rating-weka.filters.unsupervised.instance.Normalize-N1.0-L2.0
Instances:    25000
Attributes:   128
[list of attributes omitted]
Test mode:10-fold cross-validation

=== Classifier model (full training set) ===

Naive Bayes Classifier

                 Class
Attribute            1       2       3       4       5       6       7       8       9      10
                 (0.2)  (0.09)   (0.1)  (0.11)     (0)     (0)   (0.1)  (0.12)  (0.09)  (0.19)
===============================================================================================
TV
  mean           0.0229  0.0266  0.0252  0.0248       0       0  0.0212  0.0257   0.026  0.0247
  std. dev.      0.0865  0.0903  0.0924  0.0884  0.0001  0.0001  0.0792  0.0893  0.0898   0.085
  weight sum       5007    2250    2382    2643       0       0    2491    3003    2261    4728
  precision      0.0004  0.0004  0.0004  0.0004  0.0004  0.0004  0.0004  0.0004  0.0004  0.0004

acting
  mean            0.031  0.0313  0.0284  0.0331       0       0  0.0514  0.0486  0.0471  0.0495
  std. dev.      0.0778   0.077  0.0732  0.0802       0       0   0.094  0.0881  0.0902  0.0898
  weight sum       5007    2250    2382    2643       0       0    2491    3003    2261    4728
  precision      0.0001  0.0001  0.0001  0.0001  0.0001  0.0001  0.0001  0.0001  0.0001  0.0001

action
  mean           0.0272  0.0317  0.0259  0.0329       0       0  0.0237  0.0261  0.0272  0.0235
  std. dev.      0.0925  0.1075  0.0937  0.1021  0.0001  0.0001  0.0843  0.0891  0.0929  0.0848
  weight sum       5007    2250    2382    2643       0       0    2491    3003    2261    4728
  precision      0.0004  0.0004  0.0004  0.0004  0.0004  0.0004  0.0004  0.0004  0.0004  0.0004

actor
  mean           0.0209  0.0211  0.0214  0.0183       0       0  0.0212  0.0212  0.0231  0.0223
  std. dev.      0.0769  0.0774  0.0783  0.0743  0.0001  0.0001  0.0803  0.0787  0.0831  0.0807
  weight sum       5007    2250    2382    2643       0       0    2491    3003    2261    4728
  precision      0.0005  0.0005  0.0005  0.0005  0.0005  0.0005  0.0005  0.0005  0.0005  0.0005

actors
  mean           0.0291  0.0313  0.0306  0.0334       0       0  0.0346  0.0354  0.0348   0.037
  std. dev.       0.083  0.0858  0.0844  0.0887       0       0  0.0884  0.0889  0.0898  0.0907
  weight sum       5007    2250    2382    2643       0       0    2491    3003    2261    4728
  precision      0.0003  0.0003  0.0003  0.0003  0.0003  0.0003  0.0003  0.0003  0.0003  0.0003

audience
  mean           0.0217  0.0197  0.0192  0.0168       0       0  0.0206  0.0192  0.0233   0.022
  std. dev.      0.0834  0.0764   0.076  0.0715  0.0001  0.0001  0.0775  0.0751  0.0826  0.0808
  weight sum       5007    2250    2382    2643       0       0    2491    3003    2261    4728
  precision      0.0006  0.0006  0.0006  0.0006  0.0006  0.0006  0.0006  0.0006  0.0006  0.0006

awful
  mean           0.0037  0.0043  0.0022  0.0033       0       0  0.0305   0.033  0.0327  0.0333
  std. dev.      0.0347  0.0383  0.0267  0.0305  0.0001  0.0001   0.101  0.1035   0.104  0.1058
  weight sum       5007    2250    2382    2643       0       0    2491    3003    2261    4728
  precision      0.0006  0.0006  0.0006  0.0006  0.0006  0.0006  0.0006  0.0006  0.0006  0.0006

back
  mean           0.0327  0.0341   0.034  0.0356       0       0  0.0323   0.031  0.0343  0.0312
  std. dev.      0.0851   0.084  0.0856  0.0909       0       0  0.0824  0.0784  0.0858  0.0816
  weight sum       5007    2250    2382    2643       0       0    2491    3003    2261    4728
  precision      0.0002  0.0002  0.0002  0.0002  0.0002  0.0002  0.0002  0.0002  0.0002  0.0002

bad
  mean           0.0213  0.0205    0.02  0.0187       0       0  0.0756  0.0713  0.0736  0.0679
  std. dev.      0.0656  0.0607  0.0607  0.0562       0       0  0.1117  0.1109  0.1156  0.1089
  weight sum       5007    2250    2382    2643       0       0    2491    3003    2261    4728
  precision      0.0002  0.0002  0.0002  0.0002  0.0002  0.0002  0.0002  0.0002  0.0002  0.0002

big
  mean           0.0249   0.027  0.0269  0.0259       0       0  0.0242  0.0241  0.0261  0.0258
  std. dev.      0.0832   0.087  0.0847  0.0831  0.0001  0.0001  0.0807  0.0789  0.0839   0.082
  weight sum       5007    2250    2382    2643       0       0    2491    3003    2261    4728
  precision      0.0004  0.0004  0.0004  0.0004  0.0004  0.0004  0.0004  0.0004  0.0004  0.0004

bit
  mean           0.0305  0.0285  0.0323    0.03       0       0  0.0207  0.0214  0.0204  0.0225
  std. dev.      0.0903  0.0845  0.0945  0.0883  0.0001  0.0001  0.0712  0.0739  0.0703   0.076
  weight sum       5007    2250    2382    2643       0       0    2491    3003    2261    4728
  precision      0.0004  0.0004  0.0004  0.0004  0.0004  0.0004  0.0004  0.0004  0.0004  0.0004

book
  mean           0.0212  0.0192  0.0197  0.0211       0       0  0.0205  0.0215  0.0193  0.0196
  std. dev.      0.0911  0.0828  0.0909  0.0911  0.0001  0.0001  0.0936  0.0952  0.0901  0.0906
  weight sum       5007    2250    2382    2643       0       0    2491    3003    2261    4728
  precision      0.0007  0.0007  0.0007  0.0007  0.0007  0.0007  0.0007  0.0007  0.0007  0.0007

boring
  mean           0.0072   0.009  0.0062  0.0075       0       0  0.0321  0.0288  0.0268  0.0327
  std. dev.      0.0516  0.0541  0.0416  0.0515  0.0001  0.0001  0.1039  0.0984  0.0962  0.1053
  weight sum       5007    2250    2382    2643       0       0    2491    3003    2261    4728
  precision      0.0006  0.0006  0.0006  0.0006  0.0006  0.0006  0.0006  0.0006  0.0006  0.0006

br
  mean           0.0935  0.0915  0.0915  0.0933       0       0  0.0964   0.097  0.0967  0.0952
  std. dev.      0.0927   0.095  0.0923  0.0949       0       0  0.0894  0.0894   0.091  0.0936
  weight sum       5007    2250    2382    2643       0       0    2491    3003    2261    4728
  precision      0.0001  0.0001  0.0001  0.0001  0.0001  0.0001  0.0001  0.0001  0.0001  0.0001

budget
  mean           0.0127  0.0139  0.0129   0.012       0       0  0.0194  0.0229  0.0248  0.0246
  std. dev.      0.0663  0.0684  0.0673  0.0632  0.0001  0.0001  0.0766  0.0846  0.0872  0.0891
  weight sum       5007    2250    2382    2643       0       0    2491    3003    2261    4728
  precision      0.0006  0.0006  0.0006  0.0006  0.0006  0.0006  0.0006  0.0006  0.0006  0.0006

cast
  mean           0.0341  0.0348  0.0379  0.0347       0       0  0.0265  0.0267  0.0291  0.0263
  std. dev.      0.0905  0.0909  0.0938   0.093  0.0001  0.0001  0.0827  0.0796  0.0845  0.0806
  weight sum       5007    2250    2382    2643       0       0    2491    3003    2261    4728
  precision      0.0003  0.0003  0.0003  0.0003  0.0003  0.0003  0.0003  0.0003  0.0003  0.0003

character
  mean           0.0367  0.0422  0.0386  0.0407       0       0  0.0391  0.0393  0.0352  0.0374
  std. dev.      0.0826   0.088  0.0908  0.0896       0       0  0.0852  0.0871    0.08  0.0852
  weight sum       5007    2250    2382    2643       0       0    2491    3003    2261    4728
  precision      0.0002  0.0002  0.0002  0.0002  0.0002  0.0002  0.0002  0.0002  0.0002  0.0002

characters
  mean           0.0397  0.0415  0.0408  0.0416       0       0  0.0403  0.0395  0.0405  0.0391
  std. dev.      0.0879  0.0888   0.089  0.0902       0       0  0.0859  0.0846  0.0881  0.0837
  weight sum       5007    2250    2382    2643       0       0    2491    3003    2261    4728
  precision      0.0002  0.0002  0.0002  0.0002  0.0002  0.0002  0.0002  0.0002  0.0002  0.0002

comedy
  mean           0.0319  0.0299  0.0278  0.0311       0       0  0.0259  0.0261  0.0242  0.0249
  std. dev.      0.1008   0.099  0.0917  0.1033  0.0001  0.0001  0.0895  0.0902  0.0876  0.0888
  weight sum       5007    2250    2382    2643       0       0    2491    3003    2261    4728
  precision      0.0004  0.0004  0.0004  0.0004  0.0004  0.0004  0.0004  0.0004  0.0004  0.0004

completely
  mean           0.0152  0.0145  0.0149  0.0146       0       0   0.023  0.0228  0.0225  0.0226
  std. dev.      0.0698  0.0673  0.0693   0.067  0.0001  0.0001  0.0838  0.0815  0.0833   0.082
  weight sum       5007    2250    2382    2643       0       0    2491    3003    2261    4728
  precision      0.0005  0.0005  0.0005  0.0005  0.0005  0.0005  0.0005  0.0005  0.0005  0.0005

didn
  mean           0.0256  0.0277  0.0242  0.0226       0       0  0.0413  0.0369  0.0372  0.0372
  std. dev.      0.0785   0.081   0.075  0.0735       0       0  0.0965   0.091  0.0928  0.0913
  weight sum       5007    2250    2382    2643       0       0    2491    3003    2261    4728
  precision      0.0003  0.0003  0.0003  0.0003  0.0003  0.0003  0.0003  0.0003  0.0003  0.0003

director
  mean           0.0275  0.0242  0.0257  0.0279       0       0  0.0337  0.0334  0.0329  0.0313
  std. dev.      0.0819  0.0749  0.0774  0.0823       0       0  0.0872  0.0885  0.0897  0.0875
  weight sum       5007    2250    2382    2643       0       0    2491    3003    2261    4728
  precision      0.0002  0.0002  0.0002  0.0002  0.0002  0.0002  0.0002  0.0002  0.0002  0.0002

doesn
  mean           0.0278  0.0273   0.027  0.0257       0       0  0.0357  0.0356  0.0336  0.0352
  std. dev.      0.0794  0.0765  0.0739  0.0754       0       0  0.0863  0.0861  0.0856   0.086
  weight sum       5007    2250    2382    2643       0       0    2491    3003    2261    4728
  precision      0.0003  0.0003  0.0003  0.0003  0.0003  0.0003  0.0003  0.0003  0.0003  0.0003

don
  mean           0.0352  0.0341  0.0369  0.0342       0       0  0.0484  0.0518  0.0466  0.0483
  std. dev.      0.0804  0.0796  0.0838  0.0804       0       0   0.089  0.0933  0.0886  0.0901
  weight sum       5007    2250    2382    2643       0       0    2491    3003    2261    4728
  precision      0.0002  0.0002  0.0002  0.0002  0.0002  0.0002  0.0002  0.0002  0.0002  0.0002

effects
  mean           0.0165  0.0159  0.0187   0.018       0       0  0.0246  0.0242  0.0252  0.0269
  std. dev.      0.0728   0.071  0.0785  0.0744  0.0001  0.0001  0.0868  0.0852  0.0871  0.0907
  weight sum       5007    2250    2382    2643       0       0    2491    3003    2261    4728
  precision      0.0005  0.0005  0.0005  0.0005  0.0005  0.0005  0.0005  0.0005  0.0005  0.0005

end
  mean           0.0357  0.0366  0.0348  0.0339       0       0  0.0348  0.0382  0.0389  0.0359
  std. dev.      0.0846  0.0864  0.0829  0.0833       0       0  0.0828  0.0854  0.0884  0.0812
  weight sum       5007    2250    2382    2643       0       0    2491    3003    2261    4728
  precision      0.0002  0.0002  0.0002  0.0002  0.0002  0.0002  0.0002  0.0002  0.0002  0.0002

ending
  mean           0.0227  0.0209  0.0253  0.0217       0       0  0.0186  0.0247  0.0222  0.0223
  std. dev.      0.0841  0.0787    0.09  0.0801  0.0001  0.0001  0.0762  0.0867  0.0815  0.0842
  weight sum       5007    2250    2382    2643       0       0    2491    3003    2261    4728
  precision      0.0005  0.0005  0.0005  0.0005  0.0005  0.0005  0.0005  0.0005  0.0005  0.0005

fact
  mean           0.0257  0.0267  0.0276  0.0243       0       0  0.0278  0.0282  0.0286  0.0284
  std. dev.      0.0781  0.0789  0.0818   0.077       0       0  0.0793  0.0792  0.0805  0.0802
  weight sum       5007    2250    2382    2643       0       0    2491    3003    2261    4728
  precision      0.0003  0.0003  0.0003  0.0003  0.0003  0.0003  0.0003  0.0003  0.0003  0.0003

feel
  mean           0.0267  0.0291  0.0284  0.0269       0       0  0.0243  0.0232  0.0213  0.0227
  std. dev.      0.0836  0.0881  0.0892  0.0852  0.0001  0.0001  0.0788  0.0767  0.0746  0.0771
  weight sum       5007    2250    2382    2643       0       0    2491    3003    2261    4728
  precision      0.0003  0.0003  0.0003  0.0003  0.0003  0.0003  0.0003  0.0003  0.0003  0.0003

film
  mean           0.0689  0.0663  0.0669   0.068       0       0  0.0601  0.0617   0.062  0.0605
  std. dev.      0.0743  0.0704  0.0742  0.0731       0       0  0.0662  0.0649  0.0687  0.0678
  weight sum       5007    2250    2382    2643       0       0    2491    3003    2261    4728
  precision      0.0001  0.0001  0.0001  0.0001  0.0001  0.0001  0.0001  0.0001  0.0001  0.0001

films
  mean           0.0444  0.0454  0.0444  0.0442       0       0  0.0333   0.036  0.0367  0.0367
  std. dev.      0.0992  0.1011  0.0997  0.0968       0       0  0.0847  0.0866  0.0898  0.0899
  weight sum       5007    2250    2382    2643       0       0    2491    3003    2261    4728
  precision      0.0002  0.0002  0.0002  0.0002  0.0002  0.0002  0.0002  0.0002  0.0002  0.0002

find
  mean           0.0355  0.0347  0.0364  0.0318       0       0  0.0258  0.0262  0.0299  0.0288
  std. dev.      0.0924  0.0901  0.0936  0.0862       0       0  0.0771  0.0757  0.0828  0.0817
  weight sum       5007    2250    2382    2643       0       0    2491    3003    2261    4728
  precision      0.0003  0.0003  0.0003  0.0003  0.0003  0.0003  0.0003  0.0003  0.0003  0.0003

found
  mean           0.0238  0.0257  0.0271  0.0228       0       0  0.0238  0.0226  0.0237  0.0247
  std. dev.      0.0822  0.0849  0.0886  0.0825  0.0001  0.0001  0.0826   0.079  0.0827  0.0826
  weight sum       5007    2250    2382    2643       0       0    2491    3003    2261    4728
  precision      0.0004  0.0004  0.0004  0.0004  0.0004  0.0004  0.0004  0.0004  0.0004  0.0004

funny
  mean           0.0358  0.0358  0.0293  0.0276       0       0  0.0362  0.0352  0.0328  0.0333
  std. dev.      0.1031  0.1012  0.0939  0.0894  0.0001  0.0001  0.1017  0.0973  0.0921  0.0952
  weight sum       5007    2250    2382    2643       0       0    2491    3003    2261    4728
  precision      0.0003  0.0003  0.0003  0.0003  0.0003  0.0003  0.0003  0.0003  0.0003  0.0003

girl
  mean            0.022  0.0255  0.0244  0.0222       0       0   0.024  0.0233  0.0217   0.023
  std. dev.      0.0822  0.0895  0.0885  0.0825  0.0001  0.0001  0.0848  0.0828  0.0796  0.0831
  weight sum       5007    2250    2382    2643       0       0    2491    3003    2261    4728
  precision      0.0004  0.0004  0.0004  0.0004  0.0004  0.0004  0.0004  0.0004  0.0004  0.0004

give
  mean            0.025   0.026  0.0265  0.0264       0       0  0.0281  0.0293  0.0302  0.0277
  std. dev.      0.0791  0.0823  0.0796  0.0804       0       0  0.0809  0.0851  0.0854   0.082
  weight sum       5007    2250    2382    2643       0       0    2491    3003    2261    4728
  precision      0.0003  0.0003  0.0003  0.0003  0.0003  0.0003  0.0003  0.0003  0.0003  0.0003

good
  mean           0.0536  0.0535    0.05  0.0522       0       0  0.0502  0.0522  0.0492  0.0489
  std. dev.      0.0813  0.0772  0.0771   0.081       0       0  0.0731  0.0731  0.0713  0.0711
  weight sum       5007    2250    2382    2643       0       0    2491    3003    2261    4728
  precision      0.0001  0.0001  0.0001  0.0001  0.0001  0.0001  0.0001  0.0001  0.0001  0.0001

great
  mean           0.0643  0.0633   0.064  0.0659       0       0   0.028  0.0257  0.0269  0.0282
  std. dev.      0.1079  0.1067  0.1043  0.1058       0       0  0.0692  0.0641  0.0714  0.0699
  weight sum       5007    2250    2382    2643       0       0    2491    3003    2261    4728
  precision      0.0002  0.0002  0.0002  0.0002  0.0002  0.0002  0.0002  0.0002  0.0002  0.0002

guy
  mean            0.017  0.0176  0.0173  0.0176       0       0  0.0326  0.0291  0.0262   0.032
  std. dev.      0.0712  0.0734  0.0707  0.0722  0.0001  0.0001  0.0989  0.0914  0.0857   0.098
  weight sum       5007    2250    2382    2643       0       0    2491    3003    2261    4728
  precision      0.0004  0.0004  0.0004  0.0004  0.0004  0.0004  0.0004  0.0004  0.0004  0.0004

half
  mean           0.0139  0.0149  0.0127  0.0139       0       0  0.0246  0.0263   0.027   0.025
  std. dev.       0.065   0.068  0.0651  0.0648  0.0001  0.0001  0.0862  0.0894   0.091  0.0893
  weight sum       5007    2250    2382    2643       0       0    2491    3003    2261    4728
  precision      0.0004  0.0004  0.0004  0.0004  0.0004  0.0004  0.0004  0.0004  0.0004  0.0004

hard
  mean           0.0228  0.0235  0.0231  0.0226       0       0  0.0243  0.0247  0.0237  0.0236
  std. dev.      0.0788  0.0799  0.0789  0.0767  0.0001  0.0001  0.0807  0.0811  0.0778   0.079
  weight sum       5007    2250    2382    2643       0       0    2491    3003    2261    4728
  precision      0.0004  0.0004  0.0004  0.0004  0.0004  0.0004  0.0004  0.0004  0.0004  0.0004

horror
  mean           0.0192  0.0171  0.0223  0.0214       0       0   0.033  0.0345  0.0283   0.031
  std. dev.      0.0828   0.076  0.0937  0.0892  0.0001  0.0001  0.1035  0.1054  0.0968  0.0998
  weight sum       5007    2250    2382    2643       0       0    2491    3003    2261    4728
  precision      0.0005  0.0005  0.0005  0.0005  0.0005  0.0005  0.0005  0.0005  0.0005  0.0005

idea
  mean           0.0142  0.0148  0.0138  0.0151       0       0  0.0277  0.0264  0.0257  0.0247
  std. dev.      0.0656  0.0645  0.0654  0.0691  0.0001  0.0001  0.0918   0.089  0.0879  0.0865
  weight sum       5007    2250    2382    2643       0       0    2491    3003    2261    4728
  precision      0.0004  0.0004  0.0004  0.0004  0.0004  0.0004  0.0004  0.0004  0.0004  0.0004

interesting
  mean           0.0257  0.0252  0.0286  0.0239       0       0   0.027  0.0295  0.0284  0.0297
  std. dev.       0.084   0.083  0.0876  0.0805  0.0001  0.0001  0.0854  0.0892   0.087  0.0908
  weight sum       5007    2250    2382    2643       0       0    2491    3003    2261    4728
  precision      0.0004  0.0004  0.0004  0.0004  0.0004  0.0004  0.0004  0.0004  0.0004  0.0004

isn
  mean           0.0207  0.0232  0.0237  0.0214       0       0  0.0294  0.0286  0.0276   0.029
  std. dev.      0.0741  0.0763  0.0798   0.073  0.0001  0.0001  0.0845  0.0844  0.0833  0.0847
  weight sum       5007    2250    2382    2643       0       0    2491    3003    2261    4728
  precision      0.0003  0.0003  0.0003  0.0003  0.0003  0.0003  0.0003  0.0003  0.0003  0.0003

kind
  mean           0.0215  0.0217  0.0215  0.0216       0       0  0.0251  0.0284  0.0263  0.0245
  std. dev.      0.0771  0.0765  0.0777  0.0787  0.0001  0.0001  0.0819  0.0885  0.0843  0.0796
  weight sum       5007    2250    2382    2643       0       0    2491    3003    2261    4728
  precision      0.0003  0.0003  0.0003  0.0003  0.0003  0.0003  0.0003  0.0003  0.0003  0.0003

life
  mean            0.047  0.0478  0.0453  0.0473       0       0  0.0304  0.0303  0.0277  0.0306
  std. dev.      0.0994  0.1001  0.0971  0.1049       0       0  0.0793  0.0783  0.0781  0.0796
  weight sum       5007    2250    2382    2643       0       0    2491    3003    2261    4728
  precision      0.0002  0.0002  0.0002  0.0002  0.0002  0.0002  0.0002  0.0002  0.0002  0.0002

long
  mean            0.025  0.0292  0.0289  0.0254       0       0  0.0284  0.0286  0.0259   0.028
  std. dev.      0.0803  0.0841   0.085  0.0797  0.0001  0.0001   0.082  0.0822  0.0807  0.0848
  weight sum       5007    2250    2382    2643       0       0    2491    3003    2261    4728
  precision      0.0003  0.0003  0.0003  0.0003  0.0003  0.0003  0.0003  0.0003  0.0003  0.0003

lot
  mean           0.0313  0.0342   0.032  0.0322       0       0  0.0269  0.0279  0.0294  0.0283
  std. dev.      0.0863  0.0911  0.0858  0.0901       0       0  0.0797  0.0781  0.0837  0.0802
  weight sum       5007    2250    2382    2643       0       0    2491    3003    2261    4728
  precision      0.0003  0.0003  0.0003  0.0003  0.0003  0.0003  0.0003  0.0003  0.0003  0.0003

love
  mean           0.0502  0.0557  0.0512  0.0521       0       0  0.0259  0.0239  0.0237  0.0255
  std. dev.      0.1089  0.1112  0.1067  0.1097       0       0  0.0741  0.0698  0.0707  0.0738
  weight sum       5007    2250    2382    2643       0       0    2491    3003    2261    4728
  precision      0.0002  0.0002  0.0002  0.0002  0.0002  0.0002  0.0002  0.0002  0.0002  0.0002

low
  mean           0.0126  0.0132  0.0101  0.0128       0       0   0.024  0.0234  0.0254  0.0232
  std. dev.      0.0639  0.0651  0.0566   0.064  0.0001  0.0001  0.0864   0.084  0.0872  0.0841
  weight sum       5007    2250    2382    2643       0       0    2491    3003    2261    4728
  precision      0.0006  0.0006  0.0006  0.0006  0.0006  0.0006  0.0006  0.0006  0.0006  0.0006

made
  mean           0.0386  0.0438  0.0385  0.0406       0       0  0.0488  0.0449  0.0445  0.0469
  std. dev.      0.0779  0.0833  0.0782  0.0813       0       0  0.0857  0.0802  0.0821  0.0843
  weight sum       5007    2250    2382    2643       0       0    2491    3003    2261    4728
  precision      0.0001  0.0001  0.0001  0.0001  0.0001  0.0001  0.0001  0.0001  0.0001  0.0001

main
  mean           0.0188  0.0175  0.0189  0.0197       0       0  0.0209  0.0224  0.0223  0.0219
  std. dev.       0.073   0.072  0.0719  0.0741  0.0001  0.0001   0.077  0.0796  0.0788  0.0782
  weight sum       5007    2250    2382    2643       0       0    2491    3003    2261    4728
  precision      0.0004  0.0004  0.0004  0.0004  0.0004  0.0004  0.0004  0.0004  0.0004  0.0004

make
  mean           0.0342  0.0366  0.0348  0.0335       0       0  0.0488   0.046  0.0496  0.0485
  std. dev.      0.0736  0.0758  0.0744  0.0722       0       0  0.0848  0.0846  0.0852  0.0843
  weight sum       5007    2250    2382    2643       0       0    2491    3003    2261    4728
  precision      0.0002  0.0002  0.0002  0.0002  0.0002  0.0002  0.0002  0.0002  0.0002  0.0002

makes
  mean           0.0356  0.0355  0.0346  0.0341       0       0  0.0257  0.0256  0.0275  0.0266
  std. dev.      0.0905  0.0857  0.0864  0.0884       0       0  0.0737  0.0724  0.0768  0.0761
  weight sum       5007    2250    2382    2643       0       0    2491    3003    2261    4728
  precision      0.0002  0.0002  0.0002  0.0002  0.0002  0.0002  0.0002  0.0002  0.0002  0.0002

making
  mean             0.02  0.0217  0.0203   0.023       0       0  0.0297  0.0294  0.0282  0.0278
  std. dev.      0.0707  0.0757  0.0731  0.0766  0.0001  0.0001  0.0885  0.0843   0.084  0.0833
  weight sum       5007    2250    2382    2643       0       0    2491    3003    2261    4728
  precision      0.0004  0.0004  0.0004  0.0004  0.0004  0.0004  0.0004  0.0004  0.0004  0.0004

man
  mean           0.0386  0.0388  0.0343  0.0362       0       0  0.0307   0.029  0.0266  0.0267
  std. dev.      0.0953   0.096  0.0896  0.0925       0       0  0.0853  0.0849  0.0777  0.0803
  weight sum       5007    2250    2382    2643       0       0    2491    3003    2261    4728
  precision      0.0003  0.0003  0.0003  0.0003  0.0003  0.0003  0.0003  0.0003  0.0003  0.0003

minutes
  mean           0.0137  0.0166  0.0139  0.0151       0       0  0.0358  0.0396  0.0343   0.036
  std. dev.      0.0608  0.0698   0.061  0.0676  0.0001  0.0001   0.097  0.1048  0.0967   0.099
  weight sum       5007    2250    2382    2643       0       0    2491    3003    2261    4728
  precision      0.0004  0.0004  0.0004  0.0004  0.0004  0.0004  0.0004  0.0004  0.0004  0.0004

money
  mean           0.0136  0.0121  0.0126  0.0107       0       0  0.0333   0.031  0.0335  0.0309
  std. dev.      0.0636  0.0598  0.0628  0.0551  0.0001  0.0001  0.0987   0.098  0.0995  0.0961
  weight sum       5007    2250    2382    2643       0       0    2491    3003    2261    4728
  precision      0.0004  0.0004  0.0004  0.0004  0.0004  0.0004  0.0004  0.0004  0.0004  0.0004

movie
  mean            0.059  0.0588  0.0579  0.0606       0       0  0.0678  0.0692  0.0675  0.0684
  std. dev.      0.0659  0.0643  0.0685  0.0715       0       0  0.0606  0.0609  0.0634  0.0648
  weight sum       5007    2250    2382    2643       0       0    2491    3003    2261    4728
  precision      0.0001  0.0001  0.0001  0.0001  0.0001  0.0001  0.0001  0.0001  0.0001  0.0001

movies
  mean           0.0415  0.0448  0.0414  0.0431       0       0  0.0469  0.0466   0.044  0.0459
  std. dev.       0.094  0.0989  0.0929  0.0949       0       0  0.0955   0.094  0.0913  0.0941
  weight sum       5007    2250    2382    2643       0       0    2491    3003    2261    4728
  precision      0.0002  0.0002  0.0002  0.0002  0.0002  0.0002  0.0002  0.0002  0.0002  0.0002

music
  mean           0.0287  0.0339  0.0279  0.0293       0       0  0.0243  0.0207   0.021  0.0209
  std. dev.      0.0943  0.1048  0.0937  0.0975  0.0001  0.0001  0.0848  0.0775  0.0794  0.0787
  weight sum       5007    2250    2382    2643       0       0    2491    3003    2261    4728
  precision      0.0004  0.0004  0.0004  0.0004  0.0004  0.0004  0.0004  0.0004  0.0004  0.0004

original
  mean           0.0224  0.0253  0.0256  0.0216       0       0  0.0304  0.0302  0.0303  0.0293
  std. dev.      0.0828  0.0871  0.0889  0.0828  0.0001  0.0001  0.0957  0.0979  0.0957  0.0953
  weight sum       5007    2250    2382    2643       0       0    2491    3003    2261    4728
  precision      0.0004  0.0004  0.0004  0.0004  0.0004  0.0004  0.0004  0.0004  0.0004  0.0004

part
  mean           0.0292  0.0329  0.0292  0.0303       0       0  0.0288  0.0271  0.0269  0.0288
  std. dev.      0.0843   0.089  0.0865  0.0863       0       0  0.0818  0.0809  0.0795   0.083
  weight sum       5007    2250    2382    2643       0       0    2491    3003    2261    4728
  precision      0.0002  0.0002  0.0002  0.0002  0.0002  0.0002  0.0002  0.0002  0.0002  0.0002

people
  mean           0.0459  0.0413  0.0427   0.045       0       0  0.0465  0.0449  0.0463  0.0458
  std. dev.      0.0921  0.0859  0.0876  0.0899       0       0  0.0885  0.0863  0.0878  0.0896
  weight sum       5007    2250    2382    2643       0       0    2491    3003    2261    4728
  precision      0.0001  0.0001  0.0001  0.0001  0.0001  0.0001  0.0001  0.0001  0.0001  0.0001

plot
  mean           0.0306  0.0303  0.0299  0.0294       0       0  0.0523  0.0533  0.0484  0.0501
  std. dev.      0.0796  0.0783  0.0771  0.0784       0       0     0.1  0.0982   0.097  0.0946
  weight sum       5007    2250    2382    2643       0       0    2491    3003    2261    4728
  precision      0.0002  0.0002  0.0002  0.0002  0.0002  0.0002  0.0002  0.0002  0.0002  0.0002

point
  mean           0.0215  0.0207  0.0212  0.0198       0       0  0.0294  0.0307  0.0258  0.0293
  std. dev.      0.0724  0.0709  0.0747  0.0742  0.0001  0.0001  0.0847  0.0874  0.0784  0.0866
  weight sum       5007    2250    2382    2643       0       0    2491    3003    2261    4728
  precision      0.0004  0.0004  0.0004  0.0004  0.0004  0.0004  0.0004  0.0004  0.0004  0.0004

poor
  mean           0.0077  0.0085  0.0082  0.0084       0       0  0.0297  0.0297   0.028  0.0282
  std. dev.      0.0503  0.0514  0.0506  0.0511  0.0001  0.0001  0.0957  0.0974  0.0943  0.0948
  weight sum       5007    2250    2382    2643       0       0    2491    3003    2261    4728
  precision      0.0006  0.0006  0.0006  0.0006  0.0006  0.0006  0.0006  0.0006  0.0006  0.0006

pretty
  mean            0.024  0.0245  0.0237   0.024       0       0  0.0313  0.0337  0.0318  0.0337
  std. dev.      0.0799    0.08  0.0783  0.0798       0       0  0.0905  0.0919   0.092   0.091
  weight sum       5007    2250    2382    2643       0       0    2491    3003    2261    4728
  precision      0.0003  0.0003  0.0003  0.0003  0.0003  0.0003  0.0003  0.0003  0.0003  0.0003

put
  mean           0.0195  0.0221  0.0199  0.0218       0       0  0.0258  0.0219  0.0253  0.0229
  std. dev.      0.0747  0.0793  0.0739  0.0799  0.0001  0.0001  0.0829  0.0759  0.0841  0.0786
  weight sum       5007    2250    2382    2643       0       0    2491    3003    2261    4728
  precision      0.0005  0.0005  0.0005  0.0005  0.0005  0.0005  0.0005  0.0005  0.0005  0.0005

real
  mean           0.0358  0.0347  0.0355  0.0368       0       0  0.0289  0.0309  0.0306  0.0298
  std. dev.      0.0917  0.0886  0.0913   0.094       0       0  0.0786  0.0838  0.0843  0.0814
  weight sum       5007    2250    2382    2643       0       0    2491    3003    2261    4728
  precision      0.0003  0.0003  0.0003  0.0003  0.0003  0.0003  0.0003  0.0003  0.0003  0.0003

reason
  mean           0.0137  0.0165  0.0157  0.0139       0       0  0.0276    0.03  0.0255  0.0288
  std. dev.      0.0612  0.0686  0.0644  0.0631  0.0001  0.0001  0.0876  0.0896  0.0817  0.0883
  weight sum       5007    2250    2382    2643       0       0    2491    3003    2261    4728
  precision      0.0004  0.0004  0.0004  0.0004  0.0004  0.0004  0.0004  0.0004  0.0004  0.0004

role
  mean           0.0311  0.0339  0.0294  0.0318       0       0   0.021  0.0192  0.0197  0.0215
  std. dev.      0.0913  0.0949  0.0886  0.0947  0.0001  0.0001  0.0757  0.0727  0.0751  0.0769
  weight sum       5007    2250    2382    2643       0       0    2491    3003    2261    4728
  precision      0.0003  0.0003  0.0003  0.0003  0.0003  0.0003  0.0003  0.0003  0.0003  0.0003

scene
  mean           0.0349  0.0361  0.0331  0.0322       0       0  0.0334  0.0371  0.0342  0.0352
  std. dev.      0.0913  0.0936  0.0893  0.0882       0       0  0.0847  0.0896  0.0904  0.0868
  weight sum       5007    2250    2382    2643       0       0    2491    3003    2261    4728
  precision      0.0003  0.0003  0.0003  0.0003  0.0003  0.0003  0.0003  0.0003  0.0003  0.0003

scenes
  mean           0.0315  0.0354  0.0329  0.0341       0       0  0.0363  0.0379  0.0372   0.036
  std. dev.      0.0842   0.088   0.088  0.0885       0       0  0.0885  0.0911  0.0916  0.0877
  weight sum       5007    2250    2382    2643       0       0    2491    3003    2261    4728
  precision      0.0003  0.0003  0.0003  0.0003  0.0003  0.0003  0.0003  0.0003  0.0003  0.0003

screen
  mean           0.0246  0.0232  0.0222  0.0212       0       0  0.0208  0.0209  0.0197  0.0218
  std. dev.      0.0835  0.0791  0.0774  0.0765  0.0001  0.0001  0.0755  0.0754  0.0736  0.0762
  weight sum       5007    2250    2382    2643       0       0    2491    3003    2261    4728
  precision      0.0004  0.0004  0.0004  0.0004  0.0004  0.0004  0.0004  0.0004  0.0004  0.0004

script
  mean           0.0176  0.0159  0.0176   0.016       0       0  0.0356  0.0374  0.0342  0.0363
  std. dev.      0.0692  0.0656  0.0701  0.0669  0.0001  0.0001  0.0959  0.0992  0.0959  0.0983
  weight sum       5007    2250    2382    2643       0       0    2491    3003    2261    4728
  precision      0.0004  0.0004  0.0004  0.0004  0.0004  0.0004  0.0004  0.0004  0.0004  0.0004

sense
  mean           0.0183  0.0181   0.019  0.0188       0       0  0.0247  0.0225  0.0239  0.0229
  std. dev.       0.073  0.0735  0.0738  0.0722  0.0001  0.0001  0.0842  0.0778  0.0802  0.0793
  weight sum       5007    2250    2382    2643       0       0    2491    3003    2261    4728
  precision      0.0005  0.0005  0.0005  0.0005  0.0005  0.0005  0.0005  0.0005  0.0005  0.0005

series
  mean           0.0312  0.0351  0.0308    0.03       0       0  0.0182  0.0199  0.0234  0.0205
  std. dev.      0.1119  0.1179  0.1111  0.1036  0.0001  0.0001  0.0798  0.0821  0.0907  0.0844
  weight sum       5007    2250    2382    2643       0       0    2491    3003    2261    4728
  precision      0.0005  0.0005  0.0005  0.0005  0.0005  0.0005  0.0005  0.0005  0.0005  0.0005

set
  mean           0.0224   0.023  0.0217  0.0218       0       0  0.0215   0.022  0.0228  0.0192
  std. dev.      0.0772  0.0805  0.0775  0.0787  0.0001  0.0001  0.0764   0.077  0.0788   0.073
  weight sum       5007    2250    2382    2643       0       0    2491    3003    2261    4728
  precision      0.0003  0.0003  0.0003  0.0003  0.0003  0.0003  0.0003  0.0003  0.0003  0.0003

show
  mean           0.0405  0.0392  0.0435  0.0351       0       0  0.0388  0.0308  0.0355  0.0327
  std. dev.      0.1144  0.1098  0.1171  0.1034  0.0001  0.0001  0.1084  0.0942  0.1032  0.0994
  weight sum       5007    2250    2382    2643       0       0    2491    3003    2261    4728
  precision      0.0003  0.0003  0.0003  0.0003  0.0003  0.0003  0.0003  0.0003  0.0003  0.0003

story
  mean           0.0566  0.0558  0.0569  0.0574       0       0   0.043   0.044  0.0425  0.0431
  std. dev.      0.0919  0.0896  0.0894  0.0939       0       0  0.0796  0.0789  0.0787  0.0781
  weight sum       5007    2250    2382    2643       0       0    2491    3003    2261    4728
  precision      0.0001  0.0001  0.0001  0.0001  0.0001  0.0001  0.0001  0.0001  0.0001  0.0001

stupid
  mean           0.0056  0.0071  0.0055   0.006       0       0  0.0296  0.0302  0.0273  0.0282
  std. dev.      0.0442  0.0512  0.0439   0.049  0.0001  0.0001  0.1018   0.101   0.099  0.0975
  weight sum       5007    2250    2382    2643       0       0    2491    3003    2261    4728
  precision      0.0007  0.0007  0.0007  0.0007  0.0007  0.0007  0.0007  0.0007  0.0007  0.0007

supposed
  mean           0.0065  0.0077  0.0047   0.009       0       0  0.0253  0.0268  0.0216  0.0242
  std. dev.      0.0451  0.0512  0.0395   0.056  0.0001  0.0001  0.0886  0.0929  0.0812  0.0879
  weight sum       5007    2250    2382    2643       0       0    2491    3003    2261    4728
  precision      0.0007  0.0007  0.0007  0.0007  0.0007  0.0007  0.0007  0.0007  0.0007  0.0007

terrible
  mean           0.0052   0.005  0.0061  0.0045       0       0  0.0295  0.0267  0.0301  0.0288
  std. dev.      0.0426  0.0401  0.0442  0.0399  0.0001  0.0001   0.105  0.0948  0.1025     0.1
  weight sum       5007    2250    2382    2643       0       0    2491    3003    2261    4728
  precision      0.0007  0.0007  0.0007  0.0007  0.0007  0.0007  0.0007  0.0007  0.0007  0.0007

thing
  mean           0.0251  0.0233  0.0229  0.0232       0       0  0.0422  0.0401   0.038  0.0415
  std. dev.      0.0763  0.0712  0.0697  0.0728       0       0  0.0934  0.0921   0.091  0.0934
  weight sum       5007    2250    2382    2643       0       0    2491    3003    2261    4728
  precision      0.0003  0.0003  0.0003  0.0003  0.0003  0.0003  0.0003  0.0003  0.0003  0.0003

things
  mean           0.0291  0.0263  0.0289  0.0266       0       0  0.0274  0.0277   0.026  0.0259
  std. dev.      0.0843  0.0817  0.0825  0.0818       0       0  0.0808  0.0789  0.0778  0.0793
  weight sum       5007    2250    2382    2643       0       0    2491    3003    2261    4728
  precision      0.0002  0.0002  0.0002  0.0002  0.0002  0.0002  0.0002  0.0002  0.0002  0.0002

thought
  mean           0.0282  0.0283  0.0277   0.028       0       0  0.0291  0.0282  0.0314  0.0298
  std. dev.      0.0872  0.0856   0.083  0.0884       0       0  0.0822  0.0813  0.0883  0.0862
  weight sum       5007    2250    2382    2643       0       0    2491    3003    2261    4728
  precision      0.0003  0.0003  0.0003  0.0003  0.0003  0.0003  0.0003  0.0003  0.0003  0.0003

time
  mean           0.0497   0.052  0.0503    0.05       0       0  0.0466  0.0481  0.0461  0.0479
  std. dev.      0.0787  0.0777  0.0779  0.0802       0       0  0.0711  0.0724  0.0741  0.0732
  weight sum       5007    2250    2382    2643       0       0    2491    3003    2261    4728
  precision      0.0001  0.0001  0.0001  0.0001  0.0001  0.0001  0.0001  0.0001  0.0001  0.0001

times
  mean           0.0322  0.0302  0.0317  0.0304       0       0  0.0249  0.0226  0.0222  0.0241
  std. dev.      0.0917  0.0875  0.0921  0.0904  0.0001  0.0001  0.0816  0.0765  0.0735   0.077
  weight sum       5007    2250    2382    2643       0       0    2491    3003    2261    4728
  precision      0.0004  0.0004  0.0004  0.0004  0.0004  0.0004  0.0004  0.0004  0.0004  0.0004

wasn
  mean           0.0159  0.0179  0.0157  0.0153       0       0  0.0266  0.0241  0.0268  0.0295
  std. dev.      0.0697  0.0722  0.0692  0.0687  0.0001  0.0001  0.0874  0.0825   0.088  0.0922
  weight sum       5007    2250    2382    2643       0       0    2491    3003    2261    4728
  precision      0.0004  0.0004  0.0004  0.0004  0.0004  0.0004  0.0004  0.0004  0.0004  0.0004

waste
  mean           0.0018  0.0032  0.0033  0.0017       0       0  0.0333  0.0341  0.0333  0.0326
  std. dev.      0.0256  0.0336   0.035  0.0242  0.0001  0.0001  0.1067  0.1085  0.1085  0.1085
  weight sum       5007    2250    2382    2643       0       0    2491    3003    2261    4728
  precision      0.0007  0.0007  0.0007  0.0007  0.0007  0.0007  0.0007  0.0007  0.0007  0.0007

watch
  mean           0.0406  0.0418  0.0433  0.0399       0       0  0.0403  0.0436  0.0406  0.0406
  std. dev.      0.0911   0.091  0.0903  0.0908       0       0  0.0851  0.0891   0.088  0.0873
  weight sum       5007    2250    2382    2643       0       0    2491    3003    2261    4728
  precision      0.0002  0.0002  0.0002  0.0002  0.0002  0.0002  0.0002  0.0002  0.0002  0.0002

watching
  mean           0.0277  0.0299  0.0293  0.0302       0       0  0.0383  0.0382  0.0367  0.0386
  std. dev.      0.0811  0.0835  0.0818  0.0865       0       0  0.0905   0.092  0.0896  0.0923
  weight sum       5007    2250    2382    2643       0       0    2491    3003    2261    4728
  precision      0.0003  0.0003  0.0003  0.0003  0.0003  0.0003  0.0003  0.0003  0.0003  0.0003

woman
  mean           0.0235  0.0221  0.0243  0.0219       0       0  0.0248   0.019  0.0229  0.0227
  std. dev.      0.0833  0.0803  0.0842   0.078  0.0001  0.0001  0.0871  0.0753  0.0812  0.0834
  weight sum       5007    2250    2382    2643       0       0    2491    3003    2261    4728
  precision      0.0004  0.0004  0.0004  0.0004  0.0004  0.0004  0.0004  0.0004  0.0004  0.0004

work
  mean           0.0339  0.0322  0.0344  0.0337       0       0  0.0304  0.0313  0.0268  0.0284
  std. dev.      0.0884  0.0839  0.0902  0.0901       0       0  0.0824   0.083  0.0788  0.0781
  weight sum       5007    2250    2382    2643       0       0    2491    3003    2261    4728
  precision      0.0002  0.0002  0.0002  0.0002  0.0002  0.0002  0.0002  0.0002  0.0002  0.0002

world
  mean           0.0351  0.0345  0.0339  0.0349       0       0  0.0196  0.0228  0.0193  0.0203
  std. dev.      0.1011     0.1   0.098  0.1031  0.0001  0.0001  0.0731  0.0794  0.0729   0.074
  weight sum       5007    2250    2382    2643       0       0    2491    3003    2261    4728
  precision      0.0004  0.0004  0.0004  0.0004  0.0004  0.0004  0.0004  0.0004  0.0004  0.0004

worse
  mean           0.0045  0.0047  0.0049  0.0046       0       0  0.0267  0.0279  0.0281  0.0262
  std. dev.      0.0373  0.0372  0.0405  0.0394  0.0001  0.0001  0.0972  0.0972  0.0982  0.0946
  weight sum       5007    2250    2382    2643       0       0    2491    3003    2261    4728
  precision      0.0006  0.0006  0.0006  0.0006  0.0006  0.0006  0.0006  0.0006  0.0006  0.0006

worst
  mean           0.0048  0.0035  0.0052  0.0039       0       0  0.0448  0.0452   0.045  0.0481
  std. dev.       0.037  0.0339   0.037  0.0332  0.0001  0.0001  0.1118   0.112  0.1187  0.1198
  weight sum       5007    2250    2382    2643       0       0    2491    3003    2261    4728
  precision      0.0004  0.0004  0.0004  0.0004  0.0004  0.0004  0.0004  0.0004  0.0004  0.0004

years
  mean           0.0414  0.0427  0.0414  0.0396       0       0  0.0266  0.0261  0.0258   0.025
  std. dev.         0.1  0.0991  0.0995  0.0999       0       0  0.0779  0.0792   0.077   0.077
  weight sum       5007    2250    2382    2643       0       0    2491    3003    2261    4728
  precision      0.0003  0.0003  0.0003  0.0003  0.0003  0.0003  0.0003  0.0003  0.0003  0.0003

young
  mean           0.0349  0.0336  0.0357  0.0346       0       0  0.0189  0.0214  0.0186  0.0194
  std. dev.      0.0995  0.0936  0.0985  0.0976  0.0001  0.0001  0.0724  0.0765  0.0718  0.0729
  weight sum       5007    2250    2382    2643       0       0    2491    3003    2261    4728
  precision      0.0004  0.0004  0.0004  0.0004  0.0004  0.0004  0.0004  0.0004  0.0004  0.0004

American
  mean           0.0224  0.0228  0.0248  0.0253       0       0  0.0202  0.0171  0.0178  0.0164
  std. dev.      0.0872  0.0856  0.0911  0.0925  0.0001  0.0001  0.0831   0.075   0.076  0.0745
  weight sum       5007    2250    2382    2643       0       0    2491    3003    2261    4728
  precision      0.0005  0.0005  0.0005  0.0005  0.0005  0.0005  0.0005  0.0005  0.0005  0.0005

DVD
  mean           0.0261  0.0287  0.0277  0.0251       0       0  0.0195  0.0197  0.0233  0.0189
  std. dev.      0.0943  0.0981  0.0948  0.0902  0.0001  0.0001  0.0792  0.0781  0.0898  0.0765
  weight sum       5007    2250    2382    2643       0       0    2491    3003    2261    4728
  precision      0.0005  0.0005  0.0005  0.0005  0.0005  0.0005  0.0005  0.0005  0.0005  0.0005

John
  mean           0.0245  0.0254  0.0268  0.0233       0       0   0.016  0.0164  0.0173  0.0144
  std. dev.      0.0927  0.0937   0.095  0.0925  0.0001  0.0001  0.0764  0.0759  0.0784  0.0699
  weight sum       5007    2250    2382    2643       0       0    2491    3003    2261    4728
  precision      0.0007  0.0007  0.0007  0.0007  0.0007  0.0007  0.0007  0.0007  0.0007  0.0007

beautiful
  mean           0.0307  0.0299   0.032  0.0328       0       0  0.0106  0.0115  0.0121   0.011
  std. dev.      0.0998  0.0969  0.1029  0.1063  0.0001  0.0001  0.0594  0.0609  0.0616  0.0582
  weight sum       5007    2250    2382    2643       0       0    2491    3003    2261    4728
  precision      0.0005  0.0005  0.0005  0.0005  0.0005  0.0005  0.0005  0.0005  0.0005  0.0005

day
  mean           0.0239   0.025  0.0283  0.0274       0       0  0.0174  0.0198  0.0168  0.0202
  std. dev.      0.0841  0.0871  0.0931  0.0924  0.0001  0.0001  0.0681  0.0747   0.069  0.0765
  weight sum       5007    2250    2382    2643       0       0    2491    3003    2261    4728
  precision      0.0005  0.0005  0.0005  0.0005  0.0005  0.0005  0.0005  0.0005  0.0005  0.0005

excellent
  mean           0.0346   0.032  0.0345  0.0334       0       0  0.0075  0.0086  0.0079  0.0078
  std. dev.      0.1066  0.1031   0.106  0.1055  0.0001  0.0001  0.0465  0.0511    0.05  0.0511
  weight sum       5007    2250    2382    2643       0       0    2491    3003    2261    4728
  precision      0.0005  0.0005  0.0005  0.0005  0.0005  0.0005  0.0005  0.0005  0.0005  0.0005

family
  mean           0.0347  0.0348  0.0331  0.0316       0       0  0.0174  0.0186  0.0188   0.018
  std. dev.      0.1084  0.1086  0.1039  0.1022  0.0001  0.0001   0.076  0.0769  0.0799  0.0778
  weight sum       5007    2250    2382    2643       0       0    2491    3003    2261    4728
  precision      0.0004  0.0004  0.0004  0.0004  0.0004  0.0004  0.0004  0.0004  0.0004  0.0004

father
  mean           0.0232  0.0234  0.0233  0.0243       0       0  0.0136  0.0128  0.0141  0.0123
  std. dev.      0.0913  0.0939  0.0937  0.0937  0.0001  0.0001  0.0669  0.0667  0.0699  0.0642
  weight sum       5007    2250    2382    2643       0       0    2491    3003    2261    4728
  precision      0.0007  0.0007  0.0007  0.0007  0.0007  0.0007  0.0007  0.0007  0.0007  0.0007

fun
  mean           0.0325  0.0295  0.0325  0.0312       0       0  0.0184  0.0197  0.0178   0.017
  std. dev.      0.1033   0.095   0.102  0.0997  0.0001  0.0001  0.0731  0.0761  0.0727  0.0697
  weight sum       5007    2250    2382    2643       0       0    2491    3003    2261    4728
  precision      0.0005  0.0005  0.0005  0.0005  0.0005  0.0005  0.0005  0.0005  0.0005  0.0005

job
  mean            0.028  0.0264  0.0247  0.0288       0       0  0.0139  0.0132  0.0145  0.0158
  std. dev.        0.09  0.0874  0.0834   0.092  0.0001  0.0001  0.0622  0.0608  0.0634  0.0655
  weight sum       5007    2250    2382    2643       0       0    2491    3003    2261    4728
  precision      0.0005  0.0005  0.0005  0.0005  0.0005  0.0005  0.0005  0.0005  0.0005  0.0005

perfect
  mean           0.0263  0.0276  0.0239  0.0294       0       0  0.0052  0.0071  0.0065  0.0078
  std. dev.      0.0938  0.0953  0.0897  0.1008  0.0001  0.0001  0.0401  0.0486  0.0469  0.0514
  weight sum       5007    2250    2382    2643       0       0    2491    3003    2261    4728
  precision      0.0007  0.0007  0.0007  0.0007  0.0007  0.0007  0.0007  0.0007  0.0007  0.0007

performance
  mean           0.0359   0.033  0.0356    0.03       0       0  0.0156  0.0193   0.016  0.0173
  std. dev.      0.1024  0.0993  0.1049  0.0924  0.0001  0.0001   0.065  0.0755  0.0709  0.0712
  weight sum       5007    2250    2382    2643       0       0    2491    3003    2261    4728
  precision      0.0004  0.0004  0.0004  0.0004  0.0004  0.0004  0.0004  0.0004  0.0004  0.0004

performances
  mean           0.0264  0.0259  0.0255  0.0275       0       0  0.0119  0.0111  0.0131  0.0124
  std. dev.      0.0904  0.0889  0.0912  0.0941  0.0001  0.0001  0.0617  0.0572  0.0653  0.0618
  weight sum       5007    2250    2382    2643       0       0    2491    3003    2261    4728
  precision      0.0006  0.0006  0.0006  0.0006  0.0006  0.0006  0.0006  0.0006  0.0006  0.0006

place
  mean           0.0233  0.0218  0.0202  0.0238       0       0  0.0182  0.0196  0.0221  0.0206
  std. dev.      0.0817  0.0783  0.0725  0.0799  0.0001  0.0001  0.0701  0.0719  0.0773  0.0736
  weight sum       5007    2250    2382    2643       0       0    2491    3003    2261    4728
  precision      0.0005  0.0005  0.0005  0.0005  0.0005  0.0005  0.0005  0.0005  0.0005  0.0005

play
  mean           0.0235   0.021  0.0226  0.0207       0       0  0.0173  0.0185  0.0166  0.0177
  std. dev.      0.0863    0.08  0.0873  0.0797  0.0001  0.0001  0.0732  0.0749  0.0732  0.0733
  weight sum       5007    2250    2382    2643       0       0    2491    3003    2261    4728
  precision      0.0005  0.0005  0.0005  0.0005  0.0005  0.0005  0.0005  0.0005  0.0005  0.0005

played
  mean           0.0274  0.0276  0.0259  0.0265       0       0  0.0196   0.017  0.0167  0.0178
  std. dev.      0.0864   0.088  0.0836  0.0875  0.0001  0.0001  0.0723  0.0668  0.0685  0.0692
  weight sum       5007    2250    2382    2643       0       0    2491    3003    2261    4728
  precision      0.0004  0.0004  0.0004  0.0004  0.0004  0.0004  0.0004  0.0004  0.0004  0.0004

plays
  mean           0.0252  0.0264  0.0265   0.025       0       0  0.0153  0.0166  0.0167  0.0159
  std. dev.       0.085  0.0884  0.0872   0.086  0.0001  0.0001  0.0667  0.0696  0.0714  0.0672
  weight sum       5007    2250    2382    2643       0       0    2491    3003    2261    4728
  precision      0.0005  0.0005  0.0005  0.0005  0.0005  0.0005  0.0005  0.0005  0.0005  0.0005

shows
  mean           0.0263  0.0266  0.0293  0.0299       0       0  0.0167  0.0162  0.0158  0.0157
  std. dev.        0.09  0.0871  0.0962  0.0998  0.0001  0.0001  0.0702  0.0692  0.0686  0.0681
  weight sum       5007    2250    2382    2643       0       0    2491    3003    2261    4728
  precision      0.0005  0.0005  0.0005  0.0005  0.0005  0.0005  0.0005  0.0005  0.0005  0.0005

takes
  mean           0.0241  0.0247  0.0205  0.0219       0       0  0.0167  0.0196  0.0161  0.0177
  std. dev.      0.0821  0.0829  0.0725  0.0775  0.0001  0.0001  0.0696  0.0739  0.0677  0.0687
  weight sum       5007    2250    2382    2643       0       0    2491    3003    2261    4728
  precision      0.0004  0.0004  0.0004  0.0004  0.0004  0.0004  0.0004  0.0004  0.0004  0.0004

TRUE
  mean           0.0285  0.0289   0.026  0.0291       0       0  0.0139  0.0149  0.0133  0.0151
  std. dev.      0.0939  0.0943  0.0888  0.0988  0.0001  0.0001  0.0649  0.0646  0.0626  0.0687
  weight sum       5007    2250    2382    2643       0       0    2491    3003    2261    4728
  precision      0.0006  0.0006  0.0006  0.0006  0.0006  0.0006  0.0006  0.0006  0.0006  0.0006

version
  mean           0.0194  0.0176   0.023  0.0216       0       0  0.0178  0.0193  0.0155  0.0201
  std. dev.       0.086  0.0784  0.0962  0.0896  0.0001  0.0001  0.0785  0.0852  0.0759   0.085
  weight sum       5007    2250    2382    2643       0       0    2491    3003    2261    4728
  precision      0.0007  0.0007  0.0007  0.0007  0.0007  0.0007  0.0007  0.0007  0.0007  0.0007

wife
  mean           0.0217  0.0219  0.0228  0.0213       0       0  0.0157  0.0179  0.0192  0.0169
  std. dev.      0.0826  0.0816  0.0862  0.0819  0.0001  0.0001  0.0717  0.0761  0.0816  0.0769
  weight sum       5007    2250    2382    2643       0       0    2491    3003    2261    4728
  precision      0.0005  0.0005  0.0005  0.0005  0.0005  0.0005  0.0005  0.0005  0.0005  0.0005

wonderful
  mean           0.0337  0.0239  0.0327  0.0303       0       0  0.0062  0.0045  0.0079  0.0065
  std. dev.      0.1124  0.0907  0.1082  0.1033  0.0001  0.0001  0.0441  0.0385  0.0512  0.0447
  weight sum       5007    2250    2382    2643       0       0    2491    3003    2261    4728
  precision      0.0007  0.0007  0.0007  0.0007  0.0007  0.0007  0.0007  0.0007  0.0007  0.0007

worth
  mean           0.0247  0.0241  0.0274  0.0237       0       0  0.0209  0.0219  0.0194  0.0211
  std. dev.      0.0865   0.087  0.0902  0.0864  0.0001  0.0001  0.0778  0.0793   0.077  0.0795
  weight sum       5007    2250    2382    2643       0       0    2491    3003    2261    4728
  precision      0.0005  0.0005  0.0005  0.0005  0.0005  0.0005  0.0005  0.0005  0.0005  0.0005

year
  mean           0.0236  0.0226  0.0243  0.0252       0       0  0.0194   0.021  0.0181  0.0195
  std. dev.      0.0845  0.0823  0.0877  0.0896  0.0001  0.0001  0.0772  0.0797  0.0734  0.0769
  weight sum       5007    2250    2382    2643       0       0    2491    3003    2261    4728
  precision      0.0005  0.0005  0.0005  0.0005  0.0005  0.0005  0.0005  0.0005  0.0005  0.0005

polarity
  pos               1.0     1.0     1.0     1.0     1.0     1.0  2494.0  3004.0  2264.0  4729.0
  neg            5011.0  2252.0  2385.0  2646.0     1.0     1.0     1.0     1.0     1.0     1.0
  [total]        5012.0  2253.0  2386.0  2647.0     2.0     2.0  2495.0  3005.0  2265.0  4730.0



Time taken to build model: 0.51 seconds

=== Stratified cross-validation ===
=== Summary ===

Correctly Classified Instances        5573               22.4926 %
Incorrectly Classified Instances     19204               77.5074 %
Kappa statistic                          0.111 
Mean absolute error                      0.1557
Root mean squared error                  0.3266
Relative absolute error                 90.4293 %
Root relative squared error            111.317  %
Total Number of Instances            24777     
Ignored Class Unknown Instances                223     

=== Detailed Accuracy By Class ===

               TP Rate   FP Rate   Precision   Recall  F-Measure   ROC Area  Class
                 0.312     0.137      0.366     0.312     0.336      0.727    1
                 0.129     0.074      0.149     0.129     0.138      0.688    2
                 0.214     0.126      0.153     0.214     0.179      0.683    3
                 0.203     0.115      0.175     0.203     0.188      0.687    4
                 0         0.031      0         0         0          ?        5
                 0         0          0         0         0          ?        6
                 0.223     0.112      0.182     0.223     0.2        0.716    7
                 0.225     0.108      0.224     0.225     0.224      0.724    8
                 0.136     0.076      0.153     0.136     0.144      0.706    9
                 0.24      0.108      0.344     0.24      0.282      0.742    10
Weighted Avg.    0.225     0.111      0.246     0.225     0.232      0.714

=== Confusion Matrix ===

    a    b    c    d    e    f    g    h    i    j   <-- classified as
 1561  627 1143 1047  191    0  131  104   96  110 |    a = 1
  712  291  457  505   73    0   61   59   54   39 |    b = 2
  773  302  511  494   84    0   61   67   51   41 |    c = 3
  796  370  587  538  118    0   59   75   53   49 |    d = 4
    0    0    0    0    0    0    0    0    0    0 |    e = 5
    0    0    0    0    0    0    0    0    0    0 |    f = 6
   76   55  129   94   57    0  555  558  359  610 |    g = 7
  114   86  152  118   59    0  642  676  404  752 |    h = 8
   80   81  118   96   67    0  497  455  308  561 |    i = 9
  156  147  241  182  109    0 1041 1028  691 1133 |    j = 10


